5.050000000000000000e+03
5.100000000000000000e+03
5.150000000000000000e+03
5.200000000000000000e+03
5.250000000000000000e+03
5.300000000000000000e+03
5.350000000000000000e+03
5.400000000000000000e+03
5.450000000000000000e+03
5.500000000000000000e+03
5.550000000000000000e+03
5.600000000000000000e+03
5.650000000000000000e+03
5.700000000000000000e+03
5.750000000000000000e+03
5.800000000000000000e+03
5.850000000000000000e+03
5.900000000000000000e+03
5.950000000000000000e+03
6.000000000000000000e+03
6.050000000000000000e+03
6.100000000000000000e+03
6.150000000000000000e+03
6.200000000000000000e+03
6.250000000000000000e+03
6.300000000000000000e+03
6.350000000000000000e+03
6.400000000000000000e+03
6.450000000000000000e+03
6.500000000000000000e+03
6.550000000000000000e+03
6.600000000000000000e+03
6.650000000000000000e+03
6.700000000000000000e+03
6.750000000000000000e+03
6.800000000000000000e+03
6.850000000000000000e+03
6.900000000000000000e+03
6.950000000000000000e+03
7.000000000000000000e+03
7.050000000000000000e+03
7.100000000000000000e+03
7.150000000000000000e+03
7.200000000000000000e+03
7.250000000000000000e+03
7.300000000000000000e+03
7.350000000000000000e+03
7.400000000000000000e+03
7.450000000000000000e+03
7.500000000000000000e+03
7.550000000000000000e+03
7.600000000000000000e+03
7.650000000000000000e+03
7.700000000000000000e+03
7.750000000000000000e+03
7.800000000000000000e+03
7.850000000000000000e+03
7.900000000000000000e+03
7.950000000000000000e+03
8.000000000000000000e+03
8.050000000000000000e+03
8.100000000000000000e+03
8.150000000000000000e+03
8.200000000000000000e+03
8.250000000000000000e+03
8.300000000000000000e+03
8.350000000000000000e+03
8.400000000000000000e+03
8.450000000000000000e+03
8.500000000000000000e+03
8.550000000000000000e+03
8.600000000000000000e+03
8.650000000000000000e+03
8.700000000000000000e+03
8.750000000000000000e+03
8.800000000000000000e+03
8.850000000000000000e+03
8.900000000000000000e+03
8.950000000000000000e+03
9.000000000000000000e+03
9.050000000000000000e+03
9.100000000000000000e+03
9.150000000000000000e+03
9.200000000000000000e+03
9.250000000000000000e+03
9.300000000000000000e+03
9.350000000000000000e+03
9.400000000000000000e+03
9.450000000000000000e+03
9.500000000000000000e+03
9.550000000000000000e+03
9.600000000000000000e+03
9.650000000000000000e+03
9.700000000000000000e+03
9.750000000000000000e+03
9.800000000000000000e+03
9.850000000000000000e+03
9.900000000000000000e+03
9.950000000000000000e+03
1.000000000000000000e+04
1.005000000000000000e+04
1.010000000000000000e+04
1.015000000000000000e+04
1.020000000000000000e+04
1.025000000000000000e+04
1.030000000000000000e+04
1.035000000000000000e+04
1.040000000000000000e+04
1.045000000000000000e+04
1.050000000000000000e+04
1.055000000000000000e+04
1.060000000000000000e+04
1.065000000000000000e+04
1.070000000000000000e+04
1.075000000000000000e+04
1.080000000000000000e+04
1.085000000000000000e+04
1.090000000000000000e+04
1.095000000000000000e+04
1.100000000000000000e+04
1.105000000000000000e+04
1.110000000000000000e+04
1.115000000000000000e+04
1.120000000000000000e+04
1.125000000000000000e+04
1.130000000000000000e+04
1.135000000000000000e+04
1.140000000000000000e+04
1.145000000000000000e+04
1.150000000000000000e+04
1.155000000000000000e+04
1.160000000000000000e+04
1.165000000000000000e+04
1.170000000000000000e+04
1.175000000000000000e+04
1.180000000000000000e+04
1.185000000000000000e+04
1.190000000000000000e+04
1.195000000000000000e+04
1.200000000000000000e+04
1.205000000000000000e+04
1.210000000000000000e+04
1.215000000000000000e+04
1.220000000000000000e+04
1.225000000000000000e+04
1.230000000000000000e+04
1.235000000000000000e+04
1.240000000000000000e+04
1.245000000000000000e+04
1.250000000000000000e+04
1.255000000000000000e+04
1.260000000000000000e+04
1.265000000000000000e+04
1.270000000000000000e+04
1.275000000000000000e+04
1.280000000000000000e+04
1.285000000000000000e+04
1.290000000000000000e+04
1.295000000000000000e+04
1.300000000000000000e+04
1.305000000000000000e+04
1.310000000000000000e+04
1.315000000000000000e+04
1.320000000000000000e+04
1.325000000000000000e+04
1.330000000000000000e+04
1.335000000000000000e+04
1.340000000000000000e+04
1.345000000000000000e+04
1.350000000000000000e+04
1.355000000000000000e+04
1.360000000000000000e+04
1.365000000000000000e+04
1.370000000000000000e+04
1.375000000000000000e+04
1.380000000000000000e+04
1.385000000000000000e+04
1.390000000000000000e+04
1.395000000000000000e+04
1.400000000000000000e+04
1.405000000000000000e+04
1.410000000000000000e+04
1.415000000000000000e+04
1.420000000000000000e+04
1.425000000000000000e+04
1.430000000000000000e+04
1.435000000000000000e+04
1.440000000000000000e+04
1.445000000000000000e+04
1.450000000000000000e+04
1.455000000000000000e+04
1.460000000000000000e+04
1.465000000000000000e+04
1.470000000000000000e+04
1.475000000000000000e+04
1.480000000000000000e+04
1.485000000000000000e+04
1.490000000000000000e+04
1.495000000000000000e+04
1.500000000000000000e+04
